0	1	0.0180163
0	2	0.0189502
0	3	0.0215378
0	4	0.025429
0	5	0.0109926
0	6	0.0149228
0	7	0.0213822
0	8	0.0153313
0	9	0.0223939
0	10	0.0183665
0	11	0.0167322
0	12	0.0223355
0	13	0.0187556
0	14	0.0185221
0	15	0.0185805
0	16	0.0122184
0	17	0.0220437
0	18	0.0257792
0	19	0.0147671
0	20	0.015059
0	21	0.0147477
0	22	0.024534
0	23	0.0146893
0	24	0.0113039
0	25	0.0148644
0	26	0.0151368
0	27	0.0120627
0	28	0.012841
0	29	0.0194755
0	30	0.0120238
0	31	0.0123935
0	32	0.0133857
0	33	0.0143196
0	34	0.00801588
0	35	0.0154675
0	36	0.00747111
0	37	0.0104868
0	38	0.00939725
0	39	0.0100588
0	40	0.00447488
0	41	0.00891085
0	42	0.00628429
0	43	0.00540877
0	44	0.0109926
0	45	0.00466944
0	46	0.00381338
0	47	0.00482509
0	48	0.00379392
0	49	0.0029184
0	50	0.0019456
1	0	0.0251566
1	1	0.0169851
1	2	0.0220242
1	3	0.0221799
1	4	0.0261489
1	5	0.0256236
1	6	0.0248842
1	7	0.0189696
1	8	0.0225495
1	9	0.0176271
1	10	0.0251177
1	11	0.0236391
1	12	0.0329779
1	13	0.0159734
1	14	0.0272773
1	15	0.0173158
1	16	0.0248453
1	17	0.0163625
1	18	0.0169462
1	19	0.0188334
1	20	0.0193393
1	21	0.0171602
1	22	0.0192031
1	23	0.0214405
1	24	0.0245924
1	25	0.0183276
1	26	0.0183859
1	27	0.0156621
1	28	0.0137165
1	29	0.016129
1	30	0.0151757
1	31	0.0160318
1	32	0.0163236
1	33	0.0154481
1	34	0.00766567
1	35	0.0188918
1	36	0.0108565
1	37	0.013697
1	38	0.010837
1	39	0.0119654
1	40	0.00832717
1	41	0.00470835
1	42	0.00756839
1	43	0.00184832
1	44	0.00725709
1	45	0.00381338
1	46	0.00476672
1	47	0.0114207
1	48	0.00383283
1	49	0.00385229
1	50	0.0029184
2	0	0.0239893
2	1	0.0248648
2	2	0.0299039
2	3	0.0234445
2	4	0.0127242
2	5	0.0248064
2	6	0.0239698
2	7	0.0173742
2	8	0.0210319
2	9	0.0289116
2	10	0.0173353
2	11	0.0252928
2	12	0.0116736
2	13	0.0192809
2	14	0.018561
2	15	0.0202537
2	16	0.0202343
2	17	0.0156232
2	18	0.0237558
2	19	0.0216351
2	20	0.0131523
2	21	0.0168489
2	22	0.0143585
2	23	0.0171018
2	24	0.0326277
2	25	0.0232305
2	26	0.0291451
2	27	0.0208374
2	28	0.0137943
2	29	0.0116931
2	30	0.0198257
2	31	0.0166933
2	32	0.0253512
2	33	0.016129
2	34	0.0219269
2	35	0.0124324
2	36	0.011946
2	37	0.012627
2	38	0.0152535
2	39	0.0103117
2	40	0.0147866
2	41	0.0119265
2	42	0.0082688
2	43	0.00268493
2	44	0.00661504
2	45	0.00472781
2	46	0.0132301
2	47	0.0105257
2	48	0.00572007
2	49	0.00572007
2	50	0.00478618
3	0	0.0284447
3	1	0.0245729
3	2	0.0193587
3	3	0.0198062
3	4	0.0271606
3	5	0.0256236
3	6	0.0243784
3	7	0.0257792
3	8	0.0249231
3	9	0.0249426
3	10	0.0240087
3	11	0.019028
3	12	0.0264796
3	13	0.025643
3	14	0.0269855
3	15	0.0194949
3	16	0.0244367
3	17	0.0264602
3	18	0.0178022
3	19	0.0283085
3	20	0.0231137
3	21	0.0292618
3	22	0.015273
3	23	0.0186583
3	24	0.0240476
3	25	0.0156232
3	26	0.0147477
3	27	0.0153313
3	28	0.0178606
3	29	0.0200591
3	30	0.0135998
3	31	0.0164598
3	32	0.020351
3	33	0.0142613
3	34	0.0116347
3	35	0.0231527
3	36	0.00661504
3	37	0.0140083
3	38	0.0104284
3	39	0.0146893
3	40	0.011518
3	41	0.0190669
3	42	0.0150395
3	43	0.007296
3	44	0.00552551
3	45	0.00931943
3	46	0.00474727
3	47	0.00756839
3	48	0.00943616
3	49	0.00377447
3	50	0.0009728
4	0	0.0285614
4	1	0.0274719
4	2	0.0230554
4	3	0.0316938
4	4	0.0217324
4	5	0.0264213
4	6	0.0298455
4	7	0.0251761
4	8	0.0224717
4	9	0.0326277
4	10	0.0370832
4	11	0.02718
4	12	0.0290673
4	13	0.0162263
4	14	0.0233083
4	15	0.0226663
4	16	0.0182886
4	17	0.0246313
4	18	0.0342426
4	19	0.0315382
4	20	0.0317717
4	21	0.0263629
4	22	0.0200786
4	23	0.0191447
4	24	0.0190085
4	25	0.0168878
4	26	0.0171991
4	27	0.0249231
4	28	0.0185027
4	29	0.0228024
4	30	0.0211487
4	31	0.0227441
4	32	0.0188529
4	33	0.0253512
4	34	0.0251761
4	35	0.013055
4	36	0.017919
4	37	0.0125686
4	38	0.0186583
4	39	0.0144364
4	40	0.0135025
4	41	0.0211098
4	42	0.0163041
4	43	0.0120627
4	44	0.0129577
4	45	0.00548659
4	46	0.013055
4	47	0.00933888
4	48	0.00752948
4	49	0.00655668
4	50	0.00747111
5	0	0.0200397
5	1	0.0339702
5	2	0.0228997
5	3	0.0328417
5	4	0.0240865
5	5	0.0163625
5	6	0.0313436
5	7	0.030293
5	8	0.0257987
5	9	0.0220047
5	10	0.0290673
5	11	0.0244367
5	12	0.0245535
5	13	0.0274524
5	14	0.0279583
5	15	0.0330752
5	16	0.0267131
5	17	0.0252734
5	18	0.0415191
5	19	0.0273162
5	20	0.0220826
5	21	0.0322386
5	22	0.0225106
5	23	0.0235612
5	24	0.0380754
5	25	0.0263045
5	26	0.0206234
5	27	0.0268687
5	28	0.0234056
5	29	0.0171797
5	30	0.017705
5	31	0.0159734
5	32	0.0147087
5	33	0.0304681
5	34	0.0148449
5	35	0.0258181
5	36	0.0193393
5	37	0.0197284
5	38	0.0177439
5	39	0.0158566
5	40	0.00638157
5	41	0.0219464
5	42	0.0153702
5	43	0.00727655
5	44	0.00834663
5	45	0.0130161
5	46	0.0111677
5	47	0.0120627
5	48	0.0111677
5	49	0.00749056
5	50	0.00369664
6	0	0.0262851
6	1	0.0217907
6	2	0.0312853
6	3	0.0267715
6	4	0.0331141
6	5	0.0287365
6	6	0.032939
6	7	0.0338145
6	8	0.0267715
6	9	0.0296899
6	10	0.026966
6	11	0.0343009
6	12	0.0209736
6	13	0.0366357
6	14	0.0339507
6	15	0.028075
6	16	0.0222966
6	17	0.0314993
6	18	0.0362465
6	19	0.0202343
6	20	0.0188529
6	21	0.0228997
6	22	0.0215378
6	23	0.0255457
6	24	0.0252734
6	25	0.027219
6	26	0.0242033
6	27	0.0187945
6	28	0.0248259
6	29	0.0246508
6	30	0.0279972
6	31	0.0136776
6	32	0.022569
6	33	0.0222188
6	34	0.0154481
6	35	0.0213432
6	36	0.0204677
6	37	0.0205455
6	38	0.0132106
6	39	0.0195144
6	40	0.0151951
6	41	0.0110316
6	42	0.0164792
6	43	0.0210319
6	44	0.0146115
6	45	0.00912487
6	46	0.0137943
6	47	0.022997
6	48	0.0175104
6	49	0.0121211
6	50	0.0156037
7	0	0.0314993
7	1	0.0376474
7	2	0.0361493
7	3	0.0250204
7	4	0.0376279
7	5	0.0343593
7	6	0.023211
7	7	0.0292813
7	8	0.0294564
7	9	0.0308767
7	10	0.0279583
7	11	0.0304681
7	12	0.0188918
7	13	0.0286782
7	14	0.0264796
7	15	0.0273552
7	16	0.0223355
7	17	0.026752
7	18	0.0295342
7	19	0.023678
7	20	0.0276275
7	21	0.0217518
7	22	0.0316744
7	23	0.0253706
7	24	0.0234056
7	25	0.0311685
7	26	0.0208958
7	27	0.0161096
7	28	0.0320635
7	29	0.0219464
7	30	0.0242811
7	31	0.0142613
7	32	0.0237752
7	33	0.0250788
7	34	0.0291451
7	35	0.0149811
7	36	0.0222188
7	37	0.0215573
7	38	0.026324
7	39	0.0198451
7	40	0.0239698
7	41	0.0270244
7	42	0.012627
7	43	0.0152924
7	44	0.0172186
7	45	0.00998093
7	46	0.0145336
7	47	0.0127631
7	48	0.019028
7	49	0.0172575
7	50	0.00904704
8	0	0.0264796
8	1	0.0316938
8	2	0.0252734
8	3	0.0379003
8	4	0.0278999
8	5	0.0294369
8	6	0.0371999
8	7	0.034476
8	8	0.0371221
8	9	0.0240087
8	10	0.0264018
8	11	0.0193782
8	12	0.0237558
8	13	0.034262
8	14	0.0342037
8	15	0.033153
8	16	0.0300984
8	17	0.0282307
8	18	0.0298261
8	19	0.0228414
8	20	0.0243784
8	21	0.0310712
8	22	0.0323553
8	23	0.0239309
8	24	0.0170046
8	25	0.0275692
8	26	0.0257208
8	27	0.0191253
8	28	0.0394179
8	29	0.0223744
8	30	0.01681
8	31	0.0131523
8	32	0.0302152
8	33	0.0125491
8	34	0.0309934
8	35	0.0196895
8	36	0.0233083
8	37	0.0219853
8	38	0.0284447
8	39	0.0107397
8	40	0.0180357
8	41	0.0145336
8	42	0.0230359
8	43	0.0143196
8	44	0.00988365
8	45	0.0144364
8	46	0.0278999
8	47	0.0144364
8	48	0.0155064
8	49	0.0135025
8	50	0.00813261
9	0	0.0402934
9	1	0.0344371
9	2	0.0292618
9	3	0.0271411
9	4	0.046422
9	5	0.0390677
9	6	0.0312269
9	7	0.0267715
9	8	0.0277248
9	9	0.0355656
9	10	0.0373361
9	11	0.0280945
9	12	0.023892
9	13	0.0335616
9	14	0.0377057
9	15	0.0245729
9	16	0.0337367
9	17	0.0241838
9	18	0.0418304
9	19	0.0335227
9	20	0.0347873
9	21	0.0282112
9	22	0.0248064
9	23	0.0261489
9	24	0.0346122
9	25	0.0240282
9	26	0.0301568
9	27	0.0278805
9	28	0.027433
9	29	0.0216156
9	30	0.0148644
9	31	0.0224717
9	32	0.0235029
9	33	0.02611
9	34	0.0246702
9	35	0.0292618
9	36	0.0246313
9	37	0.0226857
9	38	0.0241255
9	39	0.0158177
9	40	0.0218491
9	41	0.0187556
9	42	0.0257208
9	43	0.017919
9	44	0.0248064
9	45	0.0125102
9	46	0.0204677
9	47	0.0107397
9	48	0.0257598
9	49	0.00723764
9	50	0.0204483
10	0	0.043562
10	1	0.0348846
10	2	0.031188
10	3	0.0451963
10	4	0.0333671
10	5	0.0404685
10	6	0.0266936
10	7	0.0353905
10	8	0.0371026
10	9	0.0323359
10	10	0.0404296
10	11	0.0291062
10	12	0.0379587
10	13	0.0327639
10	14	0.0263823
10	15	0.00961127
10	16	0.0286782
10	17	0.0359158
10	18	0.0410911
10	19	0.0412078
10	20	0.0291256
10	21	0.0390677
10	22	0.0340869
10	23	0.03648
10	24	0.0347484
10	25	0.0347679
10	26	0.032297
10	27	0.0293008
10	28	0.0399626
10	29	0.0179968
10	30	0.0255068
10	31	0.0207401
10	32	0.0266742
10	33	0.0234056
10	34	0.0119071
10	35	0.0269466
10	36	0.032511
10	37	0.0196506
10	38	0.0207985
10	39	0.0277248
10	40	0.0178022
10	41	0.0270633
10	42	0.0213043
10	43	0.0166933
10	44	0.0205845
10	45	0.0221409
10	46	0.0237169
10	47	0.0142418
10	48	0.00618701
10	49	0.009728
10	50	0.0140083
11	0	0.0245146
11	1	0.0348263
11	2	0.037589
11	3	0.0424336
11	4	0.0356045
11	5	0.0371415
11	6	0.0221799
11	7	0.0282501
11	8	0.024106
11	9	0.027647
11	10	0.0407993
11	11	0.0356823
11	12	0.0331336
11	13	0.0315966
11	14	0.0343399
11	15	0.0283474
11	16	0.0293397
11	17	0.0250788
11	18	0.0202537
11	19	0.0364411
11	20	0.0250983
11	21	0.0458189
11	22	0.0417526
11	23	0.0401572
11	24	0.0286587
11	25	0.0421223
11	26	0.026752
11	27	0.0220437
11	28	0.0293397
11	29	0.0384062
11	30	0.0313631
11	31	0.0322775
11	32	0.0294369
11	33	0.0368886
11	34	0.0336394
11	35	0.02146
11	36	0.0335422
11	37	0.0217518
11	38	0.0215962
11	39	0.0156037
11	40	0.0180941
11	41	0.0222188
11	42	0.019456
11	43	0.0235418
11	44	0.0246897
11	45	0.0124324
11	46	0.00957236
11	47	0.026324
11	48	0.0261878
11	49	0.00692634
11	50	0.0225106
12	0	0.0370248
12	1	0.0392622
12	2	0.0387758
12	3	0.0313631
12	4	0.0469474
12	5	0.0482898
12	6	0.0428616
12	7	0.0370637
12	8	0.044243
12	9	0.0317717
12	10	0.0449239
12	11	0.0340286
12	12	0.0392233
12	13	0.0346901
12	14	0.0363633
12	15	0.0298066
12	16	0.0452936
12	17	0.0336784
12	18	0.0400988
12	19	0.042453
12	20	0.0381338
12	21	0.0330752
12	22	0.0295537
12	23	0.0279583
12	24	0.0305654
12	25	0.0291646
12	26	0.0358769
12	27	0.030293
12	28	0.0322386
12	29	0.0289311
12	30	0.0247675
12	31	0.0295537
12	32	0.0314409
12	33	0.0180163
12	34	0.0125686
12	35	0.0240476
12	36	0.0317522
12	37	0.0232305
12	38	0.0293008
12	39	0.0213822
12	40	0.017452
12	41	0.0200008
12	42	0.0198646
12	43	0.0231721
12	44	0.0121016
12	45	0.0164598
12	46	0.0190669
12	47	0.0269271
12	48	0.00873575
12	49	0.0198062
12	50	0.0242033
13	0	0.0372972
13	1	0.0361687
13	2	0.0373945
13	3	0.033834
13	4	0.0257403
13	5	0.0422585
13	6	0.0362855
13	7	0.0440484
13	8	0.0441457
13	9	0.0381727
13	10	0.0330558
13	11	0.0337951
13	12	0.0421417
13	13	0.0232694
13	14	0.0388147
13	15	0.0382311
13	16	0.0317522
13	17	0.0377057
13	18	0.0401961
13	19	0.0290089
13	20	0.0283474
13	21	0.0237169
13	22	0.0395346
13	23	0.0329196
13	24	0.0243589
13	25	0.0210903
13	26	0.0159539
13	27	0.0286392
13	28	0.0279583
13	29	0.0248842
13	30	0.0218686
13	31	0.0256625
13	32	0.0237169
13	33	0.0208179
13	34	0.0326666
13	35	0.0265575
13	36	0.017024
13	37	0.0326472
13	38	0.0288144
13	39	0.0374334
13	40	0.0161874
13	41	0.0284252
13	42	0.0249231
13	43	0.0130744
13	44	0.0276275
13	45	0.0246702
13	46	0.0238531
13	47	0.0188529
13	48	0.023892
13	49	0.0222577
13	50	0.0239503
14	0	0.0397486
14	1	0.0412857
14	2	0.0399432
14	3	0.0310712
14	4	0.0320051
14	5	0.0333281
14	6	0.0397681
14	7	0.0470835
14	8	0.0294369
14	9	0.0249621
14	10	0.034729
14	11	0.0259349
14	12	0.0377836
14	13	0.0403129
14	14	0.0408187
14	15	0.0465388
14	16	0.035838
14	17	0.0309545
14	18	0.0414024
14	19	0.0403129
14	20	0.0258376
14	21	0.0375501
14	22	0.0547103
14	23	0.0439122
14	24	0.0454492
14	25	0.0357601
14	26	0.0241449
14	27	0.0432896
14	28	0.0327056
14	29	0.0238142
14	30	0.025429
14	31	0.0328417
14	32	0.0262851
14	33	0.0337951
14	34	0.0454103
14	35	0.0232499
14	36	0.0288533
14	37	0.0342037
14	38	0.0124713
14	39	0.0184638
14	40	0.0192225
14	41	0.0269466
14	42	0.0278999
14	43	0.0195727
14	44	0.0348068
14	45	0.0314993
14	46	0.0176661
14	47	0.0136387
14	48	0.0112067
14	49	0.0200786
14	50	0.00836608
15	0	0.0346317
15	1	0.0451379
15	2	0.0390288
15	3	0.0354489
15	4	0.0404685
15	5	0.0412078
15	6	0.0337562
15	7	0.0427254
15	8	0.0331336
15	9	0.051325
15	10	0.0497296
15	11	0.0286976
15	12	0.0352932
15	13	0.0328223
15	14	0.0438733
15	15	0.0343009
15	16	0.0396708
15	17	0.0375501
15	18	0.0319079
15	19	0.0484066
15	20	0.0363244
15	21	0.0298066
15	22	0.0388926
15	23	0.0286392
15	24	0.0293202
15	25	0.0377447
15	26	0.0208958
15	27	0.0413051
15	28	0.0244757
15	29	0.0326277
15	30	0.0298261
15	31	0.0246119
15	32	0.0376279
15	33	0.0197479
15	34	0.0157205
15	35	0.037589
15	36	0.0262851
15	37	0.0541655
15	38	0.0325304
15	39	0.0208374
15	40	0.0304681
15	41	0.0294175
15	42	0.0136581
15	43	0.0261489
15	44	0.0226663
15	45	0.0334449
15	46	0.0325694
15	47	0.0163236
15	48	0.0234056
15	49	0.0158372
15	50	0.0158566
16	0	0.0356629
16	1	0.0382311
16	2	0.0285031
16	3	0.0427254
16	4	0.0471225
16	5	0.0377447
16	6	0.0439706
16	7	0.037375
16	8	0.0504494
16	9	0.0320051
16	10	0.0353321
16	11	0.023425
16	12	0.038484
16	13	0.0452936
16	14	0.0303903
16	15	0.039593
16	16	0.0383867
16	17	0.0361882
16	18	0.0409354
16	19	0.0266158
16	20	0.0392039
16	21	0.0437566
16	22	0.0286198
16	23	0.0309545
16	24	0.0445737
16	25	0.0426476
16	26	0.0508969
16	27	0.0408576
16	28	0.0452741
16	29	0.0386007
16	30	0.04864
16	31	0.0275692
16	32	0.0323553
16	33	0.0344955
16	34	0.0231332
16	35	0.0399237
16	36	0.0412662
16	37	0.035371
16	38	0.0282307
16	39	0.0305848
16	40	0.0276275
16	41	0.0308572
16	42	0.0276275
16	43	0.019923
16	44	0.0285809
16	45	0.0230943
16	46	0.042239
16	47	0.0224911
16	48	0.02146
16	49	0.0254874
16	50	0.0225301
17	0	0.0481342
17	1	0.0313436
17	2	0.0356434
17	3	0.0500992
17	4	0.0387953
17	5	0.0526674
17	6	0.0461497
17	7	0.0374139
17	8	0.0469668
17	9	0.0465971
17	10	0.0288727
17	11	0.0425697
17	12	0.0439317
17	13	0.0562084
17	14	0.0452741
17	15	0.0398265
17	16	0.0364217
17	17	0.0299039
17	18	0.0441457
17	19	0.0410911
17	20	0.039593
17	21	0.0372583
17	22	0.0396708
17	23	0.0343788
17	24	0.0323164
17	25	0.0346901
17	26	0.0476867
17	27	0.0325888
17	28	0.0368691
17	29	0.0439317
17	30	0.0313631
17	31	0.0353516
17	32	0.0245146
17	33	0.0259349
17	34	0.0264796
17	35	0.0292424
17	36	0.0399043
17	37	0.0399432
17	38	0.0246897
17	39	0.0395735
17	40	0.038056
17	41	0.0346122
17	42	0.0265964
17	43	0.032939
17	44	0.0278026
17	45	0.0264796
17	46	0.0219464
17	47	0.0328417
17	48	0.0300206
17	49	0.0339118
17	50	0.0235807
18	0	0.0415386
18	1	0.0364217
18	2	0.0603136
18	3	0.052862
18	4	0.0518892
18	5	0.0452547
18	6	0.0416942
18	7	0.0467139
18	8	0.0414802
18	9	0.0375696
18	10	0.0549827
18	11	0.0429589
18	12	0.035624
18	13	0.0416553
18	14	0.0394957
18	15	0.0421612
18	16	0.0458384
18	17	0.0453909
18	18	0.0352737
18	19	0.0566559
18	20	0.0356045
18	21	0.0395735
18	22	0.0553329
18	23	0.0370053
18	24	0.0364022
18	25	0.0270049
18	26	0.0348068
18	27	0.0229386
18	28	0.0332114
18	29	0.030079
18	30	0.039593
18	31	0.0363827
18	32	0.0441457
18	33	0.0378809
18	34	0.0301957
18	35	0.037161
18	36	0.0289311
18	37	0.0279583
18	38	0.0295342
18	39	0.0343788
18	40	0.0471225
18	41	0.0195727
18	42	0.0292813
18	43	0.0397292
18	44	0.0295537
18	45	0.036266
18	46	0.0233083
18	47	0.0277248
18	48	0.0274719
18	49	0.0312853
18	50	0.034476
19	0	0.0469863
19	1	0.0357601
19	2	0.0351959
19	3	0.0308572
19	4	0.0493988
19	5	0.0387953
19	6	0.0463248
19	7	0.0380365
19	8	0.0461497
19	9	0.0461107
19	10	0.0479202
19	11	0.0310323
19	12	0.05508
19	13	0.0451769
19	14	0.0373361
19	15	0.0446515
19	16	0.0424141
19	17	0.0424336
19	18	0.0484066
19	19	0.0472197
19	20	0.0321413
19	21	0.0581929
19	22	0.0441651
19	23	0.0368886
19	24	0.0386007
19	25	0.0213043
19	26	0.0347873
19	27	0.0329779
19	28	0.0285614
19	29	0.0354099
19	30	0.0476672
19	31	0.0417526
19	32	0.0398654
19	33	0.0362465
19	34	0.0387953
19	35	0.0348846
19	36	0.0396708
19	37	0.0275303
19	38	0.0354489
19	39	0.0287171
19	40	0.0217518
19	41	0.0448072
19	42	0.0320051
19	43	0.0248453
19	44	0.0193782
19	45	0.0301763
19	46	0.0273162
19	47	0.0308767
19	48	0.03183
19	49	0.0350014
19	50	0.0309156
20	0	0.0394957
20	1	0.0326666
20	2	0.0376085
20	3	0.0405074
20	4	0.0390288
20	5	0.0461886
20	6	0.0352932
20	7	0.0451769
20	8	0.0426281
20	9	0.0428032
20	10	0.0450796
20	11	0.0397097
20	12	0.0441068
20	13	0.0461886
20	14	0.0448072
20	15	0.0419861
20	16	0.031188
20	17	0.0510137
20	18	0.0443792
20	19	0.044243
20	20	0.0434842
20	21	0.0266547
20	22	0.0264407
20	23	0.0407993
20	24	0.0405658
20	25	0.0361104
20	26	0.0396513
20	27	0.0323553
20	28	0.0464999
20	29	0.0408382
20	30	0.0284836
20	31	0.0290089
20	32	0.0288727
20	33	0.0284447
20	34	0.0377252
20	35	0.0359353
20	36	0.0344177
20	37	0.0357796
20	38	0.0368497
20	39	0.0323553
20	40	0.0362076
20	41	0.0422001
20	42	0.0366357
20	43	0.0348457
20	44	0.0218296
20	45	0.0248453
20	46	0.0305459
20	47	0.0224911
20	48	0.0439317
20	49	0.0165376
20	50	0.0252928
21	0	0.0428421
21	1	0.0415775
21	2	0.0427643
21	3	0.0330947
21	4	0.0474338
21	5	0.0416164
21	6	0.0394568
21	7	0.0348068
21	8	0.0517724
21	9	0.0523561
21	10	0.0438733
21	11	0.043776
21	12	0.0395541
21	13	0.0350792
21	14	0.0349235
21	15	0.0519865
21	16	0.0505662
21	17	0.051539
21	18	0.050177
21	19	0.0481925
21	20	0.0467917
21	21	0.033192
21	22	0.0397875
21	23	0.0447488
21	24	0.0403323
21	25	0.0226079
21	26	0.0373166
21	27	0.0347873
21	28	0.0344177
21	29	0.0376668
21	30	0.0456633
21	31	0.042667
21	32	0.0430756
21	33	0.0288727
21	34	0.0305459
21	35	0.0338535
21	36	0.0384645
21	37	0.02897
21	38	0.0235029
21	39	0.0288338
21	40	0.0352932
21	41	0.0285225
21	42	0.0314993
21	43	0.0353905
21	44	0.0289311
21	45	0.0223355
21	46	0.0277443
21	47	0.0228024
21	48	0.0224911
21	49	0.0228608
21	50	0.0271022
22	0	0.0446126
22	1	0.0443402
22	2	0.059477
22	3	0.0380365
22	4	0.0395541
22	5	0.047317
22	6	0.0447877
22	7	0.0424336
22	8	0.0368108
22	9	0.0359353
22	10	0.041558
22	11	0.0371999
22	12	0.0357991
22	13	0.0425114
22	14	0.0481147
22	15	0.0323164
22	16	0.0421417
22	17	0.0476089
22	18	0.0241838
22	19	0.0292618
22	20	0.0435036
22	21	0.0476478
22	22	0.0294564
22	23	0.0452936
22	24	0.036947
22	25	0.0417137
22	26	0.0430172
22	27	0.0424919
22	28	0.036266
22	29	0.0406825
22	30	0.0462664
22	31	0.0441846
22	32	0.0261489
22	33	0.0315576
22	34	0.0255457
22	35	0.0379392
22	36	0.0426476
22	37	0.0427254
22	38	0.0490875
22	39	0.0339313
22	40	0.0442235
22	41	0.0321997
22	42	0.0379587
22	43	0.0275497
22	44	0.0467528
22	45	0.029612
22	46	0.0300401
22	47	0.0305265
22	48	0.0246897
22	49	0.0398459
22	50	0.0151757
23	0	0.0582124
23	1	0.0423168
23	2	0.0467528
23	3	0.0529593
23	4	0.0443402
23	5	0.0416164
23	6	0.0618312
23	7	0.0284058
23	8	0.0444764
23	9	0.0467333
23	10	0.0403518
23	11	0.0572201
23	12	0.0375112
23	13	0.0390482
23	14	0.0297677
23	15	0.0451963
23	16	0.0445543
23	17	0.0543017
23	18	0.0411105
23	19	0.038017
23	20	0.0553523
23	21	0.0342037
23	22	0.0579595
23	23	0.0455854
23	24	0.0412273
23	25	0.0365773
23	26	0.0498658
23	27	0.0450407
23	28	0.0341064
23	29	0.0442624
23	30	0.0468695
23	31	0.041811
23	32	0.048893
23	33	0.0419082
23	34	0.047784
23	35	0.0407409
23	36	0.042881
23	37	0.0401961
23	38	0.041344
23	39	0.0416164
23	40	0.0262851
23	41	0.041811
23	42	0.0392622
23	43	0.0420639
23	44	0.0328417
23	45	0.0319857
23	46	0.0198257
23	47	0.0193587
23	48	0.0228803
23	49	0.0234445
23	50	0.0314604
24	0	0.0430562
24	1	0.0366162
24	2	0.0522783
24	3	0.0545157
24	4	0.0398459
24	5	0.0430367
24	6	0.0394373
24	7	0.0464804
24	8	0.0537764
24	9	0.0457605
24	10	0.0399432
24	11	0.038484
24	12	0.0491459
24	13	0.0475116
24	14	0.044671
24	15	0.0394568
24	16	0.0571812
24	17	0.0514028
24	18	0.0440873
24	19	0.0540877
24	20	0.0392039
24	21	0.0463442
24	22	0.0499436
24	23	0.0429394
24	24	0.033406
24	25	0.0405852
24	26	0.0405852
24	27	0.0307794
24	28	0.0401767
24	29	0.0396319
24	30	0.0388342
24	31	0.0432313
24	32	0.0279583
24	33	0.0460913
24	34	0.0332503
24	35	0.0405852
24	36	0.0293786
24	37	0.0276664
24	38	0.050858
24	39	0.0348652
24	40	0.032725
24	41	0.041344
24	42	0.0309156
24	43	0.0379976
24	44	0.0242811
24	45	0.0262267
24	46	0.0364022
24	47	0.0382894
24	48	0.0333281
24	49	0.0251372
24	50	0.0251372
25	0	0.0471614
25	1	0.0381143
25	2	0.0442624
25	3	0.0421417
25	4	0.0346122
25	5	0.0469084
25	6	0.0472586
25	7	0.0580178
25	8	0.0560722
25	9	0.0512082
25	10	0.0407798
25	11	0.045994
25	12	0.0436593
25	13	0.0281139
25	14	0.05615
25	15	0.044671
25	16	0.051753
25	17	0.0461497
25	18	0.0476089
25	19	0.047998
25	20	0.0410716
25	21	0.0387758
25	22	0.0361493
25	23	0.0447099
25	24	0.0347679
25	25	0.0486595
25	26	0.0426281
25	27	0.0537375
25	28	0.0360325
25	29	0.0515973
25	30	0.0407993
25	31	0.037803
25	32	0.0520643
25	33	0.0481731
25	34	0.0296899
25	35	0.0384645
25	36	0.0472003
25	37	0.0358574
25	38	0.0330947
25	39	0.0325694
25	40	0.033192
25	41	0.0469474
25	42	0.0328807
25	43	0.0266158
25	44	0.0239503
25	45	0.0284641
25	46	0.031616
25	47	0.0363633
25	48	0.0335227
25	49	0.032083
25	50	0.0311296
26	0	0.0503132
26	1	0.0496517
26	2	0.0350014
26	3	0.048426
26	4	0.0491264
26	5	0.0576871
26	6	0.0483287
26	7	0.0489513
26	8	0.0440095
26	9	0.0670065
26	10	0.0371221
26	11	0.0513055
26	12	0.0515973
26	13	0.0472586
26	14	0.0452547
26	15	0.0585237
26	16	0.0383283
26	17	0.0526869
26	18	0.0345928
26	19	0.0520643
26	20	0.0467528
26	21	0.0386202
26	22	0.0454882
26	23	0.0450601
26	24	0.0407993
26	25	0.0367719
26	26	0.0511109
26	27	0.044243
26	28	0.0350792
26	29	0.0386785
26	30	0.0466944
26	31	0.0462469
26	32	0.0445932
26	33	0.0360714
26	34	0.0342815
26	35	0.0316938
26	36	0.0387175
26	37	0.0402934
26	38	0.0336005
26	39	0.028756
26	40	0.0557804
26	41	0.0410522
26	42	0.0445154
26	43	0.0401961
26	44	0.0275497
26	45	0.0392039
26	46	0.0277248
26	47	0.0436398
26	48	0.0412467
26	49	0.036947
26	50	0.0287949
27	0	0.0498463
27	1	0.0538153
27	2	0.0578233
27	3	0.0468112
27	4	0.0354294
27	5	0.0418888
27	6	0.0669092
27	7	0.0598272
27	8	0.042025
27	9	0.0538931
27	10	0.0455854
27	11	0.0489319
27	12	0.0523561
27	13	0.0373361
27	14	0.0455271
27	15	0.0395152
27	16	0.0424725
27	17	0.0454103
27	18	0.0483676
27	19	0.0430756
27	20	0.0444764
27	21	0.0430951
27	22	0.0449239
27	23	0.0391455
27	24	0.0401767
27	25	0.04113
27	26	0.0486789
27	27	0.0449628
27	28	0.0456438
27	29	0.0459162
27	30	0.0516363
27	31	0.0503522
27	32	0.0430756
27	33	0.0379003
27	34	0.0387369
27	35	0.0375501
27	36	0.0419082
27	37	0.0498658
27	38	0.0409354
27	39	0.0315771
27	40	0.0396513
27	41	0.0368497
27	42	0.0291062
27	43	0.0277637
27	44	0.0441651
27	45	0.0241449
27	46	0.0303125
27	47	0.0308378
27	48	0.0255847
27	49	0.026538
27	50	0.0393206
28	0	0.0548854
28	1	0.0430951
28	2	0.0391455
28	3	0.0499825
28	4	0.0533678
28	5	0.0459356
28	6	0.0421223
28	7	0.053504
28	8	0.0515973
28	9	0.0462858
28	10	0.0555664
28	11	0.0507607
28	12	0.0499436
28	13	0.0575509
28	14	0.044457
28	15	0.0613253
28	16	0.0622787
28	17	0.0484455
28	18	0.0578622
28	19	0.043562
28	20	0.0512082
28	21	0.0569672
28	22	0.0329974
28	23	0.0643994
28	24	0.0412078
28	25	0.0456633
28	26	0.0369275
28	27	0.0478423
28	28	0.0546908
28	29	0.0500798
28	30	0.0422195
28	31	0.032511
28	32	0.0499436
28	33	0.0377641
28	34	0.0342231
28	35	0.0372193
28	36	0.0479591
28	37	0.0317133
28	38	0.0423752
28	39	0.0401183
28	40	0.0368497
28	41	0.0309545
28	42	0.0413051
28	43	0.0399821
28	44	0.0378225
28	45	0.0266547
28	46	0.0439122
28	47	0.0271217
28	48	0.0341064
28	49	0.0378225
28	50	0.0392233
29	0	0.0592046
29	1	0.0475116
29	2	0.0484844
29	3	0.0494572
29	4	0.042453
29	5	0.0550605
29	6	0.0532316
29	7	0.0434842
29	8	0.0489124
29	9	0.0540099
29	10	0.0410911
29	11	0.0578233
29	12	0.0493599
29	13	0.0505856
29	14	0.0510915
29	15	0.0460329
29	16	0.0394179
29	17	0.0458384
29	18	0.0463637
29	19	0.0438928
29	20	0.0400988
29	21	0.0438149
29	22	0.0678237
29	23	0.0475894
29	24	0.049107
29	25	0.0438538
29	26	0.0389315
29	27	0.0383478
29	28	0.0397486
29	29	0.0432118
29	30	0.0456827
29	31	0.0239114
29	32	0.0411495
29	33	0.0520448
29	34	0.0533095
29	35	0.0518503
29	36	0.0319468
29	37	0.0467333
29	38	0.039126
29	39	0.0461302
29	40	0.0369081
29	41	0.0250204
29	42	0.0322386
29	43	0.0343593
29	44	0.0533289
29	45	0.036947
29	46	0.0236001
29	47	0.0304876
29	48	0.0276859
29	49	0.0313631
29	50	0.027219
30	0	0.0485427
30	1	0.059477
30	2	0.0417915
30	3	0.0399626
30	4	0.0529982
30	5	0.0459746
30	6	0.0598467
30	7	0.0484066
30	8	0.0499436
30	9	0.0474532
30	10	0.0533678
30	11	0.0463053
30	12	0.0455271
30	13	0.0524145
30	14	0.0552745
30	15	0.0591657
30	16	0.05329
30	17	0.0583097
30	18	0.0521227
30	19	0.0550994
30	20	0.0406436
30	21	0.0586988
30	22	0.0563057
30	23	0.0462664
30	24	0.0544574
30	25	0.0419082
30	26	0.0323553
30	27	0.0412467
30	28	0.0435036
30	29	0.0489708
30	30	0.0372583
30	31	0.0345733
30	32	0.0475505
30	33	0.038017
30	34	0.0447877
30	35	0.040916
30	36	0.0377447
30	37	0.0403907
30	38	0.0490681
30	39	0.0474727
30	40	0.0385618
30	41	0.0348068
30	42	0.0345928
30	43	0.0294953
30	44	0.0478034
30	45	0.0422779
30	46	0.0405269
30	47	0.039126
30	48	0.0291646
30	49	0.016343
30	50	0.0286003
31	0	0.0478618
31	1	0.054399
31	2	0.0413635
31	3	0.0579984
31	4	0.0463637
31	5	0.0381143
31	6	0.0483871
31	7	0.0514028
31	8	0.04864
31	9	0.0605666
31	10	0.0519281
31	11	0.0589323
31	12	0.0430367
31	13	0.0410911
31	14	0.0531344
31	15	0.0427643
31	16	0.0461302
31	17	0.0580567
31	18	0.0502354
31	19	0.0381532
31	20	0.058621
31	21	0.0455076
31	22	0.0522978
31	23	0.0596132
31	24	0.049535
31	25	0.0471419
31	26	0.0413635
31	27	0.0541266
31	28	0.0453714
31	29	0.0376668
31	30	0.0405074
31	31	0.0401377
31	32	0.0440873
31	33	0.0410133
31	34	0.0438149
31	35	0.0543795
31	36	0.0417526
31	37	0.0449239
31	38	0.0348457
31	39	0.0319857
31	40	0.0488151
31	41	0.0402545
31	42	0.0350403
31	43	0.046461
31	44	0.0333087
31	45	0.0498074
31	46	0.0255068
31	47	0.0323553
31	48	0.0335616
31	49	0.0331725
31	50	0.0452741
32	0	0.0392039
32	1	0.0554885
32	2	0.0459746
32	3	0.0413246
32	4	0.0518503
32	5	0.039807
32	6	0.053076
32	7	0.0601385
32	8	0.0591463
32	9	0.0428032
32	10	0.056831
32	11	0.0478229
32	12	0.0554496
32	13	0.0681349
32	14	0.0502938
32	15	0.0433869
32	16	0.0497296
32	17	0.0480563
32	18	0.0390871
32	19	0.0615783
32	20	0.0463637
32	21	0.0474143
32	22	0.0546714
32	23	0.0315576
32	24	0.047998
32	25	0.039593
32	26	0.0427449
32	27	0.0432896
32	28	0.0524923
32	29	0.0461691
32	30	0.0496128
32	31	0.0474921
32	32	0.0356823
32	33	0.0543406
32	34	0.0507996
32	35	0.044457
32	36	0.043776
32	37	0.0514806
32	38	0.0407993
32	39	0.0366746
32	40	0.0297872
32	41	0.0436787
32	42	0.0344566
32	43	0.038912
32	44	0.0343788
32	45	0.0341842
32	46	0.0270828
32	47	0.0234445
32	48	0.0386202
32	49	0.0366746
32	50	0.0264602
33	0	0.0458189
33	1	0.0550411
33	2	0.0479396
33	3	0.0554107
33	4	0.0582513
33	5	0.0509553
33	6	0.0386785
33	7	0.0545352
33	8	0.0450212
33	9	0.0382505
33	10	0.0522199
33	11	0.0590879
33	12	0.0528231
33	13	0.0594576
33	14	0.0550605
33	15	0.0632126
33	16	0.0524534
33	17	0.048426
33	18	0.0473365
33	19	0.0476089
33	20	0.0427643
33	21	0.0485038
33	22	0.0544768
33	23	0.0601774
33	24	0.0383089
33	25	0.03648
33	26	0.0624927
33	27	0.0361882
33	28	0.0526091
33	29	0.0480563
33	30	0.0379781
33	31	0.0367719
33	32	0.0458578
33	33	0.0501381
33	34	0.0438733
33	35	0.0376279
33	36	0.0441846
33	37	0.0376085
33	38	0.0540488
33	39	0.0345928
33	40	0.0392233
33	41	0.0538931
33	42	0.0435036
33	43	0.0550021
33	44	0.0327445
33	45	0.0367913
33	46	0.0350014
33	47	0.0301763
33	48	0.0417137
33	49	0.0374723
33	50	0.0426865
34	0	0.0466944
34	1	0.0536791
34	2	0.0661115
34	3	0.0535624
34	4	0.0478229
34	5	0.049963
34	6	0.0519865
34	7	0.0577454
34	8	0.0400988
34	9	0.0564419
34	10	0.046889
34	11	0.0535429
34	12	0.0505078
34	13	0.0520643
34	14	0.0408187
34	15	0.0561306
34	16	0.0546519
34	17	0.0602164
34	18	0.0518503
34	19	0.0355461
34	20	0.0548465
34	21	0.0600607
34	22	0.0394179
34	23	0.0467139
34	24	0.0500992
34	25	0.0492626
34	26	0.0417137
34	27	0.0550994
34	28	0.0475505
34	29	0.0447294
34	30	0.0476283
34	31	0.0480174
34	32	0.0431729
34	33	0.0502938
34	34	0.0457022
34	35	0.0398459
34	36	0.040235
34	37	0.0421028
34	38	0.0322775
34	39	0.0427059
34	40	0.0412273
34	41	0.0386591
34	42	0.0356629
34	43	0.0400405
34	44	0.0361493
34	45	0.0323164
34	46	0.035624
34	47	0.0291451
34	48	0.0400988
34	49	0.0372388
34	50	0.0321024
35	0	0.0570256
35	1	0.0351376
35	2	0.0510915
35	3	0.0487373
35	4	0.046422
35	5	0.0504494
35	6	0.0571228
35	7	0.0574147
35	8	0.0478812
35	9	0.0509747
35	10	0.0558971
35	11	0.0590879
35	12	0.0510915
35	13	0.0528231
35	14	0.063232
35	15	0.0598661
35	16	0.0641854
35	17	0.0470057
35	18	0.0680571
35	19	0.0547103
35	20	0.0517919
35	21	0.0536402
35	22	0.0408187
35	23	0.0560722
35	24	0.0439706
35	25	0.0542628
35	26	0.0481731
35	27	0.0430756
35	28	0.0383283
35	29	0.061481
35	30	0.0462858
35	31	0.0466944
35	32	0.052395
35	33	0.0466361
35	34	0.0415969
35	35	0.0416748
35	36	0.0467917
35	37	0.0396513
35	38	0.0370248
35	39	0.0377836
35	40	0.0420639
35	41	0.0438344
35	42	0.0471225
35	43	0.0308572
35	44	0.046461
35	45	0.0472003
35	46	0.0347484
35	47	0.0362855
35	48	0.0436204
35	49	0.0477645
35	50	0.0313242
36	0	0.0554496
36	1	0.0553913
36	2	0.0537959
36	3	0.0456243
36	4	0.0463053
36	5	0.0481147
36	6	0.0564419
36	7	0.05973
36	8	0.0374528
36	9	0.0551189
36	10	0.0600802
36	11	0.0549438
36	12	0.0594187
36	13	0.0545547
36	14	0.0498852
36	15	0.0413635
36	16	0.0576482
36	17	0.0473365
36	18	0.0450018
36	19	0.0568699
36	20	0.0419082
36	21	0.0627845
36	22	0.0522588
36	23	0.0422779
36	24	0.0601969
36	25	0.0516168
36	26	0.0454103
36	27	0.0464804
36	28	0.0424336
36	29	0.0423363
36	30	0.0348263
36	31	0.0540293
36	32	0.0506829
36	33	0.0466944
36	34	0.0565197
36	35	0.055722
36	36	0.0570061
36	37	0.0418693
36	38	0.0503911
36	39	0.0472197
36	40	0.0535429
36	41	0.0392428
36	42	0.0551967
36	43	0.0494377
36	44	0.0402545
36	45	0.0331336
36	46	0.0372777
36	47	0.043348
36	48	0.0342815
36	49	0.0293202
36	50	0.0398459
37	0	0.0607806
37	1	0.0474532
37	2	0.0526869
37	3	0.0517919
37	4	0.0625122
37	5	0.0502743
37	6	0.0467917
37	7	0.0570839
37	8	0.0427254
37	9	0.0571618
37	10	0.0595743
37	11	0.0510915
37	12	0.042239
37	13	0.0719289
37	14	0.0502549
37	15	0.0460329
37	16	0.0516557
37	17	0.0534457
37	18	0.054827
37	19	0.0600023
37	20	0.0497101
37	21	0.0501187
37	22	0.0385034
37	23	0.0538348
37	24	0.0480174
37	25	0.04292
37	26	0.0445737
37	27	0.0657224
37	28	0.0428227
37	29	0.0401961
37	30	0.0454103
37	31	0.0474921
37	32	0.0350597
37	33	0.050858
37	34	0.0474532
37	35	0.0454492
37	36	0.0451574
37	37	0.0433285
37	38	0.0413246
37	39	0.0394957
37	40	0.0482509
37	41	0.0500603
37	42	0.0288922
37	43	0.0527452
37	44	0.0409938
37	45	0.0370248
37	46	0.038017
37	47	0.0436787
37	48	0.0337562
37	49	0.049749
37	50	0.0389704
38	0	0.0563641
38	1	0.062123
38	2	0.0592825
38	3	0.073855
38	4	0.06259
38	5	0.0611892
38	6	0.0391649
38	7	0.046675
38	8	0.0548854
38	9	0.0480758
38	10	0.0660142
38	11	0.0392233
38	12	0.0629402
38	13	0.0587377
38	14	0.0530176
38	15	0.0477061
38	16	0.0528814
38	17	0.0551189
38	18	0.0469279
38	19	0.0423752
38	20	0.0465582
38	21	0.0493404
38	22	0.039126
38	23	0.0398265
38	24	0.0581735
38	25	0.0477256
38	26	0.0406825
38	27	0.0603525
38	28	0.0566754
38	29	0.0580762
38	30	0.0697498
38	31	0.0476867
38	32	0.0391455
38	33	0.0558193
38	34	0.0501381
38	35	0.0371804
38	36	0.0462858
38	37	0.0531149
38	38	0.046461
38	39	0.0410327
38	40	0.0351959
38	41	0.0582318
38	42	0.0497685
38	43	0.0391844
38	44	0.0313047
38	45	0.0372193
38	46	0.0315382
38	47	0.0318495
38	48	0.0311296
38	49	0.0386007
38	50	0.0468112
39	0	0.0557415
39	1	0.0586599
39	2	0.0377252
39	3	0.0603331
39	4	0.0579789
39	5	0.0593603
39	6	0.0422974
39	7	0.0588739
39	8	0.0513444
39	9	0.0452936
39	10	0.0601969
39	11	0.0565781
39	12	0.064127
39	13	0.067668
39	14	0.0598272
39	15	0.0566948
39	16	0.0602553
39	17	0.0458967
39	18	0.0498074
39	19	0.0678626
39	20	0.0642437
39	21	0.0436398
39	22	0.0685046
39	23	0.0424725
39	24	0.0421612
39	25	0.051967
39	26	0.0554107
39	27	0.0419472
39	28	0.0406631
39	29	0.056403
39	30	0.0510137
39	31	0.0475505
39	32	0.0603136
39	33	0.0635239
39	34	0.0422974
39	35	0.0458773
39	36	0.0443986
39	37	0.0474338
39	38	0.0420833
39	39	0.0460718
39	40	0.0404685
39	41	0.0346901
39	42	0.0430756
39	43	0.0376474
39	44	0.0441651
39	45	0.0348457
39	46	0.0476283
39	47	0.0291646
39	48	0.0401377
39	49	0.0384645
39	50	0.0389509
40	0	0.0576287
40	1	0.059944
40	2	0.0573369
40	3	0.0541461
40	4	0.0502354
40	5	0.0509747
40	6	0.0587961
40	7	0.0466361
40	8	0.0700416
40	9	0.0511109
40	10	0.0399043
40	11	0.0649247
40	12	0.0546714
40	13	0.0587572
40	14	0.0678626
40	15	0.0525896
40	16	0.0536208
40	17	0.0512666
40	18	0.0629207
40	19	0.0564808
40	20	0.0494572
40	21	0.0523756
40	22	0.0608195
40	23	0.0614615
40	24	0.0450018
40	25	0.0531927
40	26	0.0437371
40	27	0.0507024
40	28	0.0416359
40	29	0.059263
40	30	0.0469668
40	31	0.0407798
40	32	0.0362465
40	33	0.0439511
40	34	0.0387564
40	35	0.0330947
40	36	0.0427838
40	37	0.0460718
40	38	0.0516168
40	39	0.0435036
40	40	0.034476
40	41	0.0422974
40	42	0.035838
40	43	0.0390871
40	44	0.0408965
40	45	0.0416164
40	46	0.0345344
40	47	0.0324915
40	48	0.0359547
40	49	0.0210125
40	50	0.0313242
41	0	0.0481342
41	1	0.0529982
41	2	0.0536986
41	3	0.0579984
41	4	0.0590101
41	5	0.0509942
41	6	0.0568894
41	7	0.0725515
41	8	0.0484455
41	9	0.05973
41	10	0.0671038
41	11	0.0368497
41	12	0.0617339
41	13	0.0555469
41	14	0.0572396
41	15	0.0664034
41	16	0.0752364
41	17	0.0654695
41	18	0.0553718
41	19	0.0544574
41	20	0.0543406
41	21	0.0525701
41	22	0.0495934
41	23	0.0545352
41	24	0.0568699
41	25	0.0494766
41	26	0.0578233
41	27	0.050858
41	28	0.0493404
41	29	0.0528231
41	30	0.0444959
41	31	0.0504689
41	32	0.0436982
41	33	0.0398459
41	34	0.0441068
41	35	0.0505662
41	36	0.0385034
41	37	0.0528814
41	38	0.0516363
41	39	0.0565586
41	40	0.0474921
41	41	0.0303125
41	42	0.0358185
41	43	0.034048
41	44	0.0401767
41	45	0.0337562
41	46	0.0370442
41	47	0.049107
41	48	0.0443402
41	49	0.0365384
41	50	0.0436204
42	0	0.0545741
42	1	0.0469084
42	2	0.0517724
42	3	0.0416553
42	4	0.0704891
42	5	0.0551189
42	6	0.0571812
42	7	0.0529009
42	8	0.0521421
42	9	0.0560139
42	10	0.0474532
42	11	0.0565586
42	12	0.0517141
42	13	0.0439122
42	14	0.0536402
42	15	0.0474532
42	16	0.0444959
42	17	0.0678042
42	18	0.063485
42	19	0.0515195
42	20	0.0492626
42	21	0.0612864
42	22	0.0569477
42	23	0.0500409
42	24	0.0403518
42	25	0.0565392
42	26	0.0619285
42	27	0.0515001
42	28	0.0457605
42	29	0.0576482
42	30	0.0445932
42	31	0.0538737
42	32	0.04113
42	33	0.0467917
42	34	0.045352
42	35	0.0460135
42	36	0.0351181
42	37	0.0410522
42	38	0.058154
42	39	0.0392428
42	40	0.0554107
42	41	0.0514417
42	42	0.0446321
42	43	0.0427838
42	44	0.0382894
42	45	0.0408382
42	46	0.0376863
42	47	0.0361104
42	48	0.0368691
42	49	0.0564224
42	50	0.0393401
43	0	0.0601385
43	1	0.0545741
43	2	0.0493015
43	3	0.0548659
43	4	0.0636601
43	5	0.0571034
43	6	0.0452352
43	7	0.064555
43	8	0.0547492
43	9	0.0580178
43	10	0.0630375
43	11	0.0500019
43	12	0.0589906
43	13	0.0460135
43	14	0.0643799
43	15	0.050216
43	16	0.0521616
43	17	0.0514222
43	18	0.0685241
43	19	0.0396513
43	20	0.0513055
43	21	0.0361687
43	22	0.040916
43	23	0.0599245
43	24	0.0478034
43	25	0.0483093
43	26	0.0507413
43	27	0.0517724
43	28	0.0426865
43	29	0.0461691
43	30	0.0435815
43	31	0.0518308
43	32	0.0427254
43	33	0.0452741
43	34	0.0450212
43	35	0.0450601
43	36	0.0476478
43	37	0.0371026
43	38	0.0482314
43	39	0.0434647
43	40	0.0430367
43	41	0.0456633
43	42	0.0455076
43	43	0.0414413
43	44	0.044457
43	45	0.0416164
43	46	0.037161
43	47	0.0347095
43	48	0.0407214
43	49	0.0310518
43	50	0.0332698
44	0	0.0525312
44	1	0.0518308
44	2	0.043776
44	3	0.0640881
44	4	0.045352
44	5	0.0480953
44	6	0.051753
44	7	0.0591074
44	8	0.0574731
44	9	0.0574731
44	10	0.0498268
44	11	0.0416748
44	12	0.0637184
44	13	0.0614615
44	14	0.054399
44	15	0.0569088
44	16	0.0741079
44	17	0.0520254
44	18	0.0436982
44	19	0.0546325
44	20	0.0551967
44	21	0.0510331
44	22	0.0533678
44	23	0.061267
44	24	0.0405852
44	25	0.0356045
44	26	0.0467528
44	27	0.0501381
44	28	0.0567337
44	29	0.0415191
44	30	0.0446905
44	31	0.0563835
44	32	0.0507218
44	33	0.0576871
44	34	0.0429978
44	35	0.0372777
44	36	0.0374917
44	37	0.0500992
44	38	0.0340091
44	39	0.047998
44	40	0.040449
44	41	0.0389315
44	42	0.0442041
44	43	0.0387758
44	44	0.0492237
44	45	0.0460135
44	46	0.0347095
44	47	0.0532511
44	48	0.0429394
44	49	0.0293008
44	50	0.0434647
45	0	0.0433674
45	1	0.0534846
45	2	0.0562279
45	3	0.0514222
45	4	0.0560917
45	5	0.0489902
45	6	0.0455271
45	7	0.0600023
45	8	0.0566754
45	9	0.0617728
45	10	0.0600607
45	11	0.0441262
45	12	0.0660726
45	13	0.0558971
45	14	0.0627845
45	15	0.0563446
45	16	0.0507218
45	17	0.0582707
45	18	0.0662283
45	19	0.0437566
45	20	0.0491848
45	21	0.0583486
45	22	0.0640686
45	23	0.0601969
45	24	0.0415775
45	25	0.0464999
45	26	0.0450601
45	27	0.0432702
45	28	0.0402739
45	29	0.0377447
45	30	0.0505467
45	31	0.0477061
45	32	0.0377057
45	33	0.0457022
45	34	0.040488
45	35	0.0499436
45	36	0.0479785
45	37	0.0443402
45	38	0.0371415
45	39	0.0373555
45	40	0.0476672
45	41	0.0410911
45	42	0.0478229
45	43	0.0358574
45	44	0.0499047
45	45	0.0443013
45	46	0.0403712
45	47	0.0310323
45	48	0.0414024
45	49	0.0394957
45	50	0.0406631
46	0	0.0630375
46	1	0.0511499
46	2	0.0477256
46	3	0.0570256
46	4	0.0555275
46	5	0.0643021
46	6	0.0541266
46	7	0.064808
46	8	0.0576676
46	9	0.053718
46	10	0.052648
46	11	0.0454882
46	12	0.0580762
46	13	0.0605082
46	14	0.0520059
46	15	0.0560333
46	16	0.060372
46	17	0.0719289
46	18	0.0466944
46	19	0.0515779
46	20	0.0622787
46	21	0.0617534
46	22	0.0484649
46	23	0.0474727
46	24	0.0522588
46	25	0.0447683
46	26	0.0556053
46	27	0.0486595
46	28	0.0511499
46	29	0.0501576
46	30	0.0525701
46	31	0.0511109
46	32	0.049321
46	33	0.0464415
46	34	0.0314604
46	35	0.0450212
46	36	0.053076
46	37	0.044885
46	38	0.0417721
46	39	0.0582707
46	40	0.0480174
46	41	0.0493599
46	42	0.0414997
46	43	0.038056
46	44	0.0392039
46	45	0.0374917
46	46	0.0282307
46	47	0.0479785
46	48	0.0427059
46	49	0.0386202
46	50	0.0430756
47	0	0.0592046
47	1	0.0699638
47	2	0.0582124
47	3	0.0547103
47	4	0.0522394
47	5	0.0622787
47	6	0.0620063
47	7	0.0527258
47	8	0.056831
47	9	0.0572785
47	10	0.0577649
47	11	0.0607806
47	12	0.0469668
47	13	0.0564224
47	14	0.0580956
47	15	0.0619674
47	16	0.0483482
47	17	0.0624538
47	18	0.0459746
47	19	0.0473365
47	20	0.0461107
47	21	0.0506245
47	22	0.0596521
47	23	0.0536986
47	24	0.0443792
47	25	0.0498268
47	26	0.05508
47	27	0.0485233
47	28	0.0570839
47	29	0.0509553
47	30	0.0452741
47	31	0.0469279
47	32	0.0616366
47	33	0.0373166
47	34	0.0564419
47	35	0.0407214
47	36	0.0469084
47	37	0.0494183
47	38	0.0449045
47	39	0.043348
47	40	0.0492042
47	41	0.0381338
47	42	0.0459162
47	43	0.0437177
47	44	0.0397875
47	45	0.041811
47	46	0.048854
47	47	0.0503522
47	48	0.0461107
47	49	0.0348652
47	50	0.0453714
48	0	0.0676291
48	1	0.0553329
48	2	0.0608
48	3	0.0677264
48	4	0.0488346
48	5	0.0414218
48	6	0.0621814
48	7	0.0635044
48	8	0.0622592
48	9	0.0542628
48	10	0.062376
48	11	0.0481925
48	12	0.0510331
48	13	0.0438149
48	14	0.0582902
48	15	0.0516168
48	16	0.0532706
48	17	0.0565975
48	18	0.0522199
48	19	0.0476283
48	20	0.0476867
48	21	0.0516946
48	22	0.057045
48	23	0.0635433
48	24	0.0413829
48	25	0.0735826
48	26	0.047998
48	27	0.0483676
48	28	0.0446126
48	29	0.0547298
48	30	0.0494183
48	31	0.0529982
48	32	0.0494961
48	33	0.0539904
48	34	0.0393011
48	35	0.0385618
48	36	0.0489513
48	37	0.0527842
48	38	0.0406047
48	39	0.0417137
48	40	0.0599829
48	41	0.0299623
48	42	0.0542239
48	43	0.043562
48	44	0.0442041
48	45	0.0359936
48	46	0.0393595
48	47	0.0302736
48	48	0.0485233
48	49	0.0465388
48	50	0.0384451
49	0	0.0580567
49	1	0.0620841
49	2	0.0526285
49	3	0.0617145
49	4	0.0485622
49	5	0.0606638
49	6	0.0543212
49	7	0.0531733
49	8	0.0576092
49	9	0.0506829
49	10	0.053504
49	11	0.0498074
49	12	0.0518697
49	13	0.058835
49	14	0.0499047
49	15	0.0581929
49	16	0.0595159
49	17	0.045352
49	18	0.0429589
49	19	0.0500409
49	20	0.069419
49	21	0.0670843
49	22	0.0453325
49	23	0.0430562
49	24	0.0466555
49	25	0.0515584
49	26	0.0388342
49	27	0.0427059
49	28	0.0585431
49	29	0.0469863
49	30	0.0454103
49	31	0.0505856
49	32	0.0514417
49	33	0.0459746
49	34	0.0507024
49	35	0.0503132
49	36	0.0573563
49	37	0.0489513
49	38	0.047103
49	39	0.0504105
49	40	0.0457022
49	41	0.0398265
49	42	0.0359547
49	43	0.0363438
49	44	0.0415775
49	45	0.0503716
49	46	0.0484455
49	47	0.0426087
49	48	0.0327056
49	49	0.0356823
49	50	0.0386785
50	0	0.0643216
50	1	0.0586404
50	2	0.0509553
50	3	0.0547103
50	4	0.0590295
50	5	0.0646912
50	6	0.0586988
50	7	0.058368
50	8	0.0495739
50	9	0.0523756
50	10	0.0569867
50	11	0.0533873
50	12	0.043348
50	13	0.05508
50	14	0.045994
50	15	0.0603136
50	16	0.0510526
50	17	0.0443402
50	18	0.0560722
50	19	0.0551772
50	20	0.0557415
50	21	0.0443792
50	22	0.0498658
50	23	0.0419861
50	24	0.0548076
50	25	0.0502354
50	26	0.0631542
50	27	0.0573369
50	28	0.0398459
50	29	0.0409354
50	30	0.0569867
50	31	0.057512
50	32	0.0479785
50	33	0.0395735
50	34	0.0560917
50	35	0.051967
50	36	0.0503522
50	37	0.0530176
50	38	0.0448072
50	39	0.0560917
50	40	0.0452352
50	41	0.0419082
50	42	0.0385424
50	43	0.0538542
50	44	0.0444181
50	45	0.0417526
50	46	0.0330363
50	47	0.0310907
50	48	0.034943
50	49	0.0398848
50	50	0.0428032
